0.478458090034091
0.466250208481818
0.458111620780303
0.452298343850649
0.446119980941558
0.442533063279221
0.438946145616883
0.441878351025974
0.448041224844156
0.45396461338961
0.459888001935065
0.461640057227273
0.461574526441559
0.462765399805195
0.463956273168831
0.465747051214286
0.465321101006494
0.456001429818182
0.44668175862987
0.436588228272727
0.428254497753247
0.423121648922078
0.417988800090909
0.415312164785714
0.421647801642857
0.425374716948052
0.429101632253247
0.429812343571429
0.427936375506493
0.42981532225974
0.431694269012987
0.433454664584416
0.434714047409091
0.43662337661039
0.438532705811688
0.439827832707792
0.440128678642857
0.441115215032468
0.442101751422078
0.44619802211039
0.449748004233766
0.455513523123377
0.461279042012987
0.464283927045455
0.46780710112987
0.469979149272727
0.472151197415584
0.474219587746753
0.474863576785714
0.47563028712987
0.476396997474026
0.475959728311688
0.479520433655844
0.480602287590909
0.481684141525974
0.481974859987013
0.482517574168831
0.489793875857143
0.497070177545455
0.501699630668831
0.507301322545455
0.519136780655844
0.530972238766234
0.542432979850649
0.548412963168831
0.550001191448052
0.551589419727273
0.554684260662338
0.54984868338961
0.552253068012987
0.554657452636364
0.555809007519481
0.561036578136364
0.565163827032468
0.569291075928571
0.575114976798701
0.576704992266234
0.576744906467533
0.576784820668831
0.577140474175325
0.578867508623377
0.587986417253247
0.597105325883117
0.603218158019481
0.612570594577922
0.629758131818182
0.646945669058442
0.663862147077922
0.6753872275
0.692270344383117
0.709153461266234
0.724347074993506
0.730839390019481
0.733376623422078
0.735913856824675
0.736450613642857
0.731062790448052
0.730108423720779
0.729154056993507
0.729065888285715
0.735104849344156
0.744090313428571
0.753075777512987
0.762627785149351
0.768082926331169
0.772723102675325
0.777363279019481
0.779831407220779
0.781577505168831
0.786362444993506
0.791147384818182
0.79559573462987
0.800624329863636
0.807270344396104
0.813916358928571
0.818337900688311
0.820685690532467
0.822696890331169
0.82470809012987
0.826954009344156
0.827183367110389
0.829662218519481
0.832141069928571
0.833654831376623
0.837160133428571
0.841131895623376
0.845103657818181
0.849474562162337
0.851286786642857
0.852679614012987
0.854072441383117
0.853810318194805
0.854662218590909
0.859889789188311
0.865117359785714
0.870654116603896
0.877015370025974
0.883272369902597
0.88952936977922
0.894205885928571
0.894397712454545
0.898321220123376
0.902244727792208
0.905763135967532
0.910325271058441
0.917329322045454
0.924333373032467
0.931446443441558
0.934643155
0.937565232928571
0.940487310857143
0.942469915415584
0.941944477538961
0.942438937201298
0.942933396863636
0.943612534233766
0.944778386727272
0.94780769687013
0.950837007012987
0.953932443694805
0.956355891818182
0.958166924824675
0.959977957831169
0.961576909344156
0.95995174551948
0.958088287876623
0.956224830233766
0.95401346361039
0.953244966058442
0.953222923896104
0.953200881733766
0.95453949725974
0.955004765948052
0.956017514681818
0.957030263415584
0.957212558194805
0.957314428792208
0.953292624883117
0.949270820974026
0.946360657720779
0.945044680090909
0.943319432844156
0.941594185597402
0.939202907142857
0.939780173928571
0.940788752512987
0.941797331097402
0.940664244012987
0.934048016207792
0.92627665912987
0.918505302051948
0.91188907424026
0.910856666285714
0.908363517233766
0.905870368181818
0.909269629467532
0.912492553318182
0.918231264136364
0.923969974954545
0.923693554116883
0.926340998415584
0.926609674694805
0.926878350974026
0.928478493961039
0.930027403779221
0.926404742051948
0.922782080324675
0.917696294558441
0.914300607688312
0.924991659772727
0.935682711857143
0.943909210142857
0.95855891824026
0.976631121253247
0.994703324266234
1.0134641964026
1.01754914811688
1.02096866435714
1.0243881805974
1.02655605857143
1.0257339449026
1.02969915400649
1.03366436311039
1.03821875368182
1.04403788868182
1.05058501129221
1.0571321339026
1.06324675324026
1.06239366137662
1.06101870604545
1.05964375071429
1.05766948642857
1.05536697241558
1.05696354097403
1.05856010953247
1.06233706651948
1.06568926479221
1.06857619438961
1.07146312398701
1.0739503157013
1.07448826399351
1.07646371975325
1.07843917551299
1.08136125345455
1.08500357446104
1.07977004651948
1.07453651857792
1.06735315148701
1.05826522104545
1.05202728466234
1.04578934827922
1.03929643750649
1.04041463124675
1.0383319432987
1.03624925535065
1.03463362328571
1.02954485883766
1.01702728466234
1.00450971048701
0.993256880746753
0.980730966292208
0.965441439311688
0.950151912331169
0.935485523675324
0.928946741357143
0.91592994164935
0.902913141941558
0.894370308636364
0.887078517857143
0.881800309818182
0.878018870630179
0.873538634831787
0.875013418246135
0.872813484068646
0.870613549891156
0.869926185713667
0.86808774892517
0.865113274727891
0.862138800530612
0.859687324510204
0.859591836768707
0.860101728802721
0.860611620836735
0.860259002741497
0.856983086884354
0.843968046006803
0.830953005129252
0.819256693564626
0.806121824918367
0.786720963612245
0.767320102306122
0.750481807319728
0.742226798870748
0.732960743823129
0.72369468877551
0.715261811034014
0.710300193380952
0.701426699061224
0.692553204741497
0.684835548904762
0.679010172891156
0.668997690829932
0.658985208768707
0.651767459278912
0.648085252442177
0.640622230530612
0.633159208619048
0.624814953482993
0.619335330455782
0.613906259761905
0.608477189068027
0.603424452387755
0.603086812748299
0.606407664034014
0.609728515319728
0.614371840544218
0.619510079326531
0.623506209877551
0.627502340428571
0.630564189013605
0.629837733278912
0.623509330360544
0.617180927442177
0.610307058632653
0.601975909673469
0.596390813251701
0.590805716829932
0.585350433802721
0.585048992102041
0.578998939034014
0.572948885965986
0.569498221278911
0.564356861986394
0.557807526666667
0.551258191346939
0.545156961884354
0.546143044408163
0.546018223857143
0.545893403306122
0.544713224823129
0.543792673122449
0.543141733843537
0.542490794564626
0.540501154666667
0.534582787312925
0.522675528986394
0.510768270659864
0.500009361578231
0.491400486829932
0.484493540557823
0.477586594285714
0.475719278544218
0.475158834183673
0.473078075292517
0.47099731640136
0.466496910755102
0.464557199108844
0.45984397437415
0.455130749639456
0.455099544496599
0.455418461027211
0.457483617340136
0.464675903389116
0.462753895422222
0.463946002592381
0.465734163347619
